Hello World
Z^x_105

so tap dep la 54
{1}
{1, 2, 4, 8, 16, 23, 32, 46, 53, 64, 79, 92}
{1, 4, 16, 46, 64, 79}
{1, 8, 64, 92}
{1, 11, 16, 46, 71, 86}
{1, 13, 64, 97}
{1, 16, 46}
{1, 4, 16, 17, 38, 46, 47, 62, 64, 68, 79, 83}
{1, 16, 19, 34, 46, 94}
{1, 22, 43, 64}
{1, 16, 26, 41, 46, 101}
{1, 29}
{1, 16, 31, 46, 61, 76}
{1, 34}
{1, 4, 16, 22, 37, 43, 46, 58, 64, 67, 79, 88}
{1, 41}
{1, 16, 29, 44, 46, 74}
{1, 4, 13, 16, 46, 52, 64, 73, 79, 82, 97, 103}
{1, 16, 46, 59, 89, 104}
{1, 62, 64, 83}
{1, 64}
{1, 71}
{1, 76}
{1, 104}
{1, 2, 4, 8, 11, 16, 22, 23, 29, 32, 37, 43, 44, 46, 53, 58, 64, 67, 71, 74, 79, 86, 88, 92}
{1, 4, 11, 16, 29, 44, 46, 64, 71, 74, 79, 86}
{1, 2, 4, 8, 13, 16, 23, 26, 32, 41, 46, 52, 53, 59, 64, 73, 79, 82, 89, 92, 97, 101, 103, 104}
{1, 8, 13, 41, 64, 92, 97, 104}
{1, 4, 11, 13, 16, 17, 29, 38, 44, 46, 47, 52, 62, 64, 68, 71, 73, 74, 79, 82, 83, 86, 97, 103}
{1, 2, 4, 8, 16, 17, 19, 23, 31, 32, 34, 38, 46, 47, 53, 61, 62, 64, 68, 76, 79, 83, 92, 94}
{1, 4, 16, 19, 31, 34, 46, 61, 64, 76, 79, 94}
{1, 11, 16, 19, 34, 46, 59, 71, 86, 89, 94, 104}
{1, 4, 13, 16, 19, 22, 31, 34, 37, 43, 46, 52, 58, 61, 64, 67, 73, 76, 79, 82, 88, 94, 97, 103}
{1, 8, 22, 29, 43, 64, 71, 92}
{1, 13, 22, 34, 43, 64, 76, 97}
{1, 4, 16, 17, 22, 26, 37, 38, 41, 43, 46, 47, 58, 59, 62, 64, 67, 68, 79, 83, 88, 89, 101, 104}
{1, 4, 16, 26, 41, 46, 59, 64, 79, 89, 101, 104}
{1, 11, 16, 26, 31, 41, 46, 61, 71, 76, 86, 101}
{1, 16, 19, 26, 29, 34, 41, 44, 46, 74, 94, 101}
{1, 13, 29, 62, 64, 71, 83, 97}
{1, 16, 29, 31, 44, 46, 59, 61, 74, 76, 89, 104}
{1, 8, 34, 62, 64, 76, 83, 92}
{1, 29, 34, 41}
{1, 22, 41, 43, 62, 64, 83, 104}
{1, 29, 64, 71}
{1, 34, 64, 76}
{1, 41, 64, 104}
{1, 34, 71, 104}
{1, 41, 71, 76}
{1, 29, 76, 104}
{1, 4, 11, 16, 19, 26, 29, 31, 34, 41, 44, 46, 59, 61, 64, 71, 74, 76, 79, 86, 89, 94, 101, 104}
{1, 8, 13, 22, 29, 34, 41, 43, 62, 64, 71, 76, 83, 92, 97, 104}
{1, 29, 34, 41, 64, 71, 76, 104}
{1, 2, 4, 8, 11, 13, 16, 17, 19, 22, 23, 26, 29, 31, 32, 34, 37, 38, 41, 43, 44, 46, 47, 52, 53, 58, 59, 61, 62, 64, 67, 68, 71, 73, 74, 76, 79, 82, 83, 86, 88, 89, 92, 94, 97, 101, 103, 104}
